20
83.9 80.3 70.4 55.5 -9.4 92.3 -64.2 -62.5 88.1 53.6 20.7 25.2 9.5 85.1 30.5 -49.8 -38.3 -78.2 9.2 -70.2
-71.9 -57.8 -1.4 75.9 -30.2 -32.7 93.8 -78.5 84.3 -10 -83.7 74.3 69.4 -43.5 -48 -12.9 -76 -42.2 93.1 -0.5
-15 14.2 -33.9 -82.6 7.7 -20 -23.4 -93 17.5 79.1 -53.5 -66.5 -87.2 -74.2 73 -68.7 -27.7 -12 -44.3 -50.3
38.0 17.9 9.0 -83.5 90 79.4 52.0 -50.2 89.3 -35.5 90.1 -43.5 80.1 -96.9 27.2 33.3 33.0 34.8 -30.2 -52.4
15 -97 33.4 94.5 -6.9 -58.9 -37 -92.5 86 -99.5 -39.5 -54.6 81.1 67.5 -75.8 -16.5 17.9 -41.6 -21.2 30.6
61.5 78.6 93.4 -31.0 -22.7 -43.2 54.3 -34.9 -24.5 -86.6 53 70.6 -88.5 27.5 -74 -18.7 -85.1 -48.4 -2.2 58.4
-8.5 70.6 -0.2 -80.7 85.8 -18.5 10.7 -6.7 65.5 -38.2 5 99.5 -79.7 -20.0 51.5 12.2 -99.4 -86.6 48.1 67.8
56.3 77.1 90.1 48.5 -99.9 -96.2 -32 32.5 14.5 2.7 71.6 58.5 -78.3 -62.5 7 74.5 93 -15.5 16.9 45.3
-6.2 -52.9 -17.0 -16.0 23.5 52.9 -60 -40.7 83.6 -59.3 3.0 -64.9 -80.6 -39.6 -95.9 -39.6 -93.4 94.8 20.5 29.8
2.2 22.0 -17.2 46 98.9 35.9 -30.9 76.4 34 -45.3 -82.7 8.9 20.5 -71.7 -19.2 76.9 -86.9 54.8 -78.8 64.1
-33.8 -20.4 -0.7 -46.5 -48.9 90.6 18.9 -88.8 19 -53.2 -95.2 50 15.7 60.0 -3.2 95.5 -19.7 -65.2 -83.6 58.1
-96.4 -96.2 -13.4 -68.1 72.5 28.5 42.9 -94.3 2.4 44.5 34.5 31.9 -31.2 33.4 -26.0 24.9 70.6 -78.4 -89.3 32.8
-59.9 -69.2 -96.7 -46.7 59.5 43.6 -16.0 -93 45.0 -94.8 48.8 -28.2 -12.2 40.5 -40.8 -37.1 -48.4 -64.4 -46.4 -3.9
-88.2 -72.7 -78.9 97.4 43.3 81.3 58.6 27.2 -88.4 -36.8 -68.8 25.5 -64.3 24.5 19.5 16.7 -51.1 97.8 -6.4 83.3
1.5 -41.3 59.4 6.4 -26.7 44.5 23.7 4.5 -27 82.6 -41.8 -60.1 -80.9 11.7 -38.6 17.5 4.0 -63.1 11.9 -55
-88.5 -39.7 19.9 -9.2 -47.8 -61.5 56 -91.2 20.7 65.5 91.4 -70.6 11.7 59.5 78.6 20.0 -26.5 88 25.5 -98.4
38.4 35.9 -57.7 19.9 -64.2 93.9 43.5 -11.7 -48.1 -1.9 89.6 14.4 -30.7 54.5 -33 9.9 -36.2 -36.9 -95.5 -23.7
98.5 12.2 -49.6 96.6 50.9 -40 -56.3 -76.9 -10.4 5.9 10.2 76.8 -15.5 58.5 -99.1 67.1 90.1 -48.4 -94.7 -52.5
-18.5 48.8 37.5 -75.9 -43.1 10.9 -77.6 -43.6 82.4 82.6 -31.4 -4 7.9 -21.9 7.2 -3.4 88.1 -15.7 22.2 -49.4
-81.5 -45.2 58.3 -78.2 30.6 -26.5 73.8 39 35.0 -13.2 63.1 9.7 62.0 88 6.5 -14.5 -38.6 -43.9 24.2 -39