95
-83.7
70.8
-79.7
-59.5
45.7
-32.5
-34.9
-1.7
-74.3
64.7
-30.7
-28.8
19.3
90.8
-20.6
-86.4
-91.6
26
-50.7
-65.5
-74.2
80.1
-72.6
45.9
-57.8
52.6
99.7
-25.9
2.4
-57.4
96.2
-35
-82.7
39.2
-9.7
51.3
27.7
46.1
-49.9
62.6
-94.5
-52.1
47.4
47
36.8
37
1.7
50.3
-24.4
-81.8
-45.7
-96.7
64.8
90.2
-64.8
-58.9
-48.7
41.7
28
-79
26.8
79.3
-9.7
9.5
-85.1
-79.3
47.6
-11.5
30.3
70.1
-32.6
28.2
83.7
-86.7
31.6
52.2
99.9
-72.1
-14.1
-6.6
78
4.7
-9
26.6
56.5
-28.3
-8.5
-70
45.1
13.8
69.7
62.9
-87.3
-37.4
-36.1