Здравствуйте, данную лабораторную работу выполнил Ахметзянов Дамир Альбертович, группа 1309
Версия: 3.0
Начало: 10.10.2021
Конец: -
Формула: 9.10
n    i
__  2 * i!     i
\  ________ * x
/_   i^i
i=1
X: 1.1
eps:1e-30
n = 677
An = 1.05237e-30
Сумма = 33.7925236
              i |              Fi |               S |
_____________________________________________________
              1 |             2.2 |             2.2 | 
              2 |            2.42 |            4.62 | 
              3 |      2.15111111 |      6.77111111 | 
              4 |       2.2460625 |      9.01717361 | 
              5 |      1.93840924 |      10.9555829 | 
              6 |      1.98581272 |      12.9413956 | 
              7 |      1.69117058 |      14.6325662 | 
              8 |      1.71560514 |      16.3481713 | 
              9 |      1.45007317 |      17.7982445 | 
             10 |      1.46225328 |      19.2604977 | 
             11 |      1.22994515 |      20.4904429 | 
             12 |      1.23529623 |      21.7257391 | 
             13 |      1.03553111 |      22.7612702 | 
             14 |       1.0370338 |      23.7983041 | 
             15 |     0.867162932 |       24.665467 | 
             16 |     0.866532269 |      25.5319993 | 
             17 |     0.723203245 |      26.2552025 | 
             18 |     0.721450432 |      26.9766529 | 
             19 |     0.601206022 |       27.577859 | 
             20 |     0.598932223 |      28.1767912 | 
             21 |     0.498494099 |      28.6752853 | 
             22 |     0.496054338 |      29.1713396 | 
             23 |     0.412448082 |      29.5837877 | 
             24 |     0.410046965 |      29.9938347 | 
             25 |     0.340644641 |      30.3344793 | 
             26 |     0.338394114 |      30.6728734 | 
             27 |     0.280914024 |      30.9537874 | 
             28 |     0.278869018 |      31.2326565 | 
             29 |     0.231354014 |      31.4640105 | 
             30 |      0.22953478 |      31.6935452 | 
             31 |     0.190320928 |      31.8838662 | 
             32 |     0.188727141 |      32.0725933 | 
             33 |     0.156409258 |      32.2290026 | 
             34 |     0.155028947 |      32.3840315 | 
             35 |     0.128426548 |      32.5124581 | 
             36 |     0.127241712 |      32.6396998 | 
             37 |     0.105367203 |       32.745067 | 
             38 |     0.104357316 |      32.8494243 | 
             39 |    0.0863872674 |      32.9358116 | 
             40 |    0.0855314022 |       33.021343 | 
             41 |    0.0707811806 |      33.0921242 | 
             42 |    0.0700592513 |      33.1621834 | 
             43 |    0.0579609567 |      33.2201444 | 
             44 |    0.0573543912 |      33.2774987 | 
             45 |    0.0474378923 |      33.3249366 | 
             46 |    0.0469299454 |      33.3718666 | 
             47 |     0.038806713 |      33.4106733 | 
             48 |    0.0383825563 |      33.4490559 | 
             49 |    0.0317319741 |      33.4807878 | 
             50 |    0.0313786522 |      33.5121665 | 
             51 |    0.0259364889 |       33.538103 | 
             52 |    0.0256427986 |      33.5637458 | 
             53 |    0.0211915398 |      33.5849373 | 
             54 |    0.0209478725 |      33.6058852 | 
             55 |    0.0173086419 |      33.6231938 | 
             56 |    0.0171068103 |      33.6403006 | 
             57 |    0.0141326391 |      33.6544333 | 
             58 |    0.0139657049 |       33.668399 | 
             59 |    0.0115359377 |      33.6799349 | 
             60 |    0.0113980473 |       33.691333 | 
             61 |   0.00941370327 |      33.7007467 | 
             62 |   0.00929993712 |      33.7100466 | 
             63 |   0.00767986999 |      33.7177265 | 
             64 |   0.00758610671 |      33.7253126 | 
             65 |   0.00626383139 |      33.7315764 | 
             66 |   0.00618662796 |       33.737763 | 
             67 |   0.00510770148 |      33.7428707 | 
             68 |   0.00504418853 |      33.7479149 | 
             69 |    0.0041640514 |       33.752079 | 
             70 |   0.00411184269 |      33.7561908 | 
             71 |   0.00339404154 |      33.7595849 | 
             72 |    0.0033511563 |       33.762936 | 
             73 |     0.002765882 |      33.7657019 | 
             74 |   0.00273067877 |      33.7684326 | 
             75 |   0.00225356505 |      33.7706861 | 
             76 |   0.00222468552 |      33.7729108 | 
             77 |   0.00183582246 |      33.7747467 | 
             78 |   0.00181214414 |      33.7765588 | 
             79 |   0.00149526872 |      33.7780541 | 
             80 |   0.00147586509 |      33.7795299 | 
             81 |    0.0012176974 |      33.7807476 | 
             82 |    0.0012018045 |      33.7819494 | 
             83 |  0.000991503795 |      33.7829409 | 
             84 |  0.000978492344 |      33.7839194 | 
             85 |  0.000807211482 |      33.7847266 | 
             86 |  0.000796563574 |      33.7855232 | 
             87 |  0.000657084305 |      33.7861803 | 
             88 |   0.00064837405 |      33.7868287 | 
             89 |  0.000534808546 |      33.7873635 | 
             90 |  0.000527685981 |      33.7878912 | 
             91 |  0.000435232743 |      33.7883264 | 
             92 |  0.000429410491 |      33.7887558 | 
             93 |  0.000354154765 |        33.78911 | 
             94 |  0.000349396992 |      33.7894594 | 
             95 |   0.00028814767 |      33.7897475 | 
             96 |  0.000284260952 |      33.7900318 | 
             97 |  0.000234417308 |      33.7902662 | 
             98 |  0.000231243092 |      33.7904974 | 
             99 |  0.000190685954 |      33.7906881 | 
            100 |  0.000188094335 |      33.7908762 | 
            101 |  0.000155097217 |      33.7910313 | 
            102 |  0.000152981812 |      33.7911843 | 
            103 |  0.000126138391 |      33.7913104 | 
            104 |  0.000124412116 |      33.7914348 | 
            105 |  0.000102577037 |      33.7915374 | 
            106 |  0.000101168639 |      33.7916386 | 
            107 |  8.34092306e-05 |       33.791722 | 
            108 |  8.22604278e-05 |      33.7918042 | 
            109 |  6.78173181e-05 |      33.7918721 | 
            110 |  6.68804579e-05 |      33.7919389 | 
            111 |  5.51354588e-05 |      33.7919941 | 
            112 |  5.43715918e-05 |      33.7920485 | 
            113 |  4.48215161e-05 |      33.7920933 | 
            114 |  4.41988165e-05 |      33.7921375 | 
            115 |   3.6434136e-05 |      33.7921739 | 
            116 |  3.59266068e-05 |      33.7922098 | 
            117 |  2.96140595e-05 |      33.7922394 | 
            118 |  2.92004707e-05 |      33.7922687 | 
            119 |  2.40688889e-05 |      33.7922927 | 
            120 |  2.37319081e-05 |      33.7923165 | 
            121 |  1.95606738e-05 |       33.792336 | 
            122 |  1.92861542e-05 |      33.7923553 | 
            123 |  1.58957945e-05 |      33.7923712 | 
            124 |  1.56721922e-05 |      33.7923869 | 
            125 |  1.29167206e-05 |      33.7923998 | 
            126 |  1.27346178e-05 |      33.7924125 | 
            127 |  1.04952984e-05 |       33.792423 | 
            128 |  1.03470134e-05 |      33.7924334 | 
            129 |  8.52728286e-06 |      33.7924419 | 
            130 |  8.40655144e-06 |      33.7924503 | 
            131 |  6.92788571e-06 |      33.7924572 | 
            132 |  6.82960047e-06 |      33.7924641 | 
            133 |  5.62815056e-06 |      33.7924697 | 
            134 |   5.5481481e-06 |      33.7924752 | 
            135 |  4.57200178e-06 |      33.7924798 | 
            136 |   4.5068888e-06 |      33.7924843 | 
            137 |  3.71384245e-06 |       33.792488 | 
            138 |  3.66085382e-06 |      33.7924917 | 
            139 |  3.01659944e-06 |      33.7924947 | 
            140 |  2.97348221e-06 |      33.7924977 | 
            141 |  2.45013238e-06 |      33.7925001 | 
            142 |  2.41505125e-06 |      33.7925025 | 
            143 |  1.98993922e-06 |      33.7925045 | 
            144 |  1.96139932e-06 |      33.7925065 | 
            145 |  1.61610299e-06 |      33.7925081 | 
            146 |  1.59288688e-06 |      33.7925097 | 
            147 |  1.31243495e-06 |       33.792511 | 
            148 |  1.29355132e-06 |      33.7925123 | 
            149 |  1.06577768e-06 |      33.7925134 | 
            150 |  1.05041941e-06 |      33.7925144 | 
            151 |  8.65438208e-07 |      33.7925153 | 
            152 |  8.52948244e-07 |      33.7925161 | 
            153 |  7.02726982e-07 |      33.7925168 | 
            154 |  6.92570498e-07 |      33.7925175 | 
            155 |  5.70582964e-07 |      33.7925181 | 
            156 |  5.62324673e-07 |      33.7925187 | 
            157 |  4.63268796e-07 |      33.7925191 | 
            158 |  4.56554468e-07 |      33.7925196 | 
            159 |  3.76122943e-07 |        33.79252 | 
            160 |  3.70664337e-07 |      33.7925203 | 
            161 |  3.05358186e-07 |      33.7925206 | 
            162 |  3.00920783e-07 |      33.7925209 | 
            163 |   2.4789781e-07 |      33.7925212 | 
            164 |  2.44290821e-07 |      33.7925214 | 
            165 |  2.01242452e-07 |      33.7925216 | 
            166 |  1.98310678e-07 |      33.7925218 | 
            167 |  1.63361866e-07 |       33.792522 | 
            168 |   1.6097907e-07 |      33.7925222 | 
            169 |   1.3260696e-07 |      33.7925223 | 
            170 |  1.30670472e-07 |      33.7925224 | 
            171 |  1.07638309e-07 |      33.7925225 | 
            172 |  1.06064634e-07 |      33.7925226 | 
            173 |  8.73680573e-08 |      33.7925227 | 
            174 |  8.60892981e-08 |      33.7925228 | 
            175 |  7.09127111e-08 |      33.7925229 | 
            176 |  6.98736613e-08 |      33.7925229 | 
            177 |  5.75547837e-08 |       33.792523 | 
            178 |  5.67105578e-08 |      33.7925231 | 
            179 |   4.6711628e-08 |      33.7925231 | 
            180 |  4.60257349e-08 |      33.7925232 | 
            181 |  3.79101172e-08 |      33.7925232 | 
            182 |  3.73528925e-08 |      33.7925232 | 
            183 |  3.07660747e-08 |      33.7925233 | 
            184 |  3.03134055e-08 |      33.7925233 | 
            185 |  2.49675644e-08 |      33.7925233 | 
            186 |  2.45998514e-08 |      33.7925233 | 
            187 |  2.02613168e-08 |      33.7925234 | 
            188 |  1.99626308e-08 |      33.7925234 | 
            189 |   1.6441704e-08 |      33.7925234 | 
            190 |  1.61990992e-08 |      33.7925234 | 
            191 |  1.33417842e-08 |      33.7925234 | 
            192 |  1.31447402e-08 |      33.7925234 | 
            193 |  1.08260287e-08 |      33.7925234 | 
            194 |  1.06659968e-08 |      33.7925235 | 
            195 |  8.78441522e-09 |      33.7925235 | 
            196 |  8.65444918e-09 |      33.7925235 | 
            197 |  7.12763078e-09 |      33.7925235 | 
            198 |  7.02208667e-09 |      33.7925235 | 
            199 |  5.78317612e-09 |      33.7925235 | 
            200 |  5.69746852e-09 |      33.7925235 | 
            201 |  4.69220251e-09 |      33.7925235 | 
            202 |  4.62260621e-09 |      33.7925235 | 
            203 |  3.80694321e-09 |      33.7925235 | 
            204 |  3.75043193e-09 |      33.7925235 | 
            205 |  3.08862782e-09 |      33.7925235 | 
            206 |  3.04274326e-09 |      33.7925235 | 
            207 |  2.50578896e-09 |      33.7925235 | 
            208 |  2.46853428e-09 |      33.7925235 | 
            209 |  2.03288744e-09 |      33.7925235 | 
            210 |  2.00264071e-09 |      33.7925235 | 
            211 |  1.64919609e-09 |      33.7925235 | 
            212 |  1.62463997e-09 |      33.7925235 | 
            213 |  1.33789356e-09 |      33.7925235 | 
            214 |  1.31795816e-09 |      33.7925235 | 
            215 |  1.08532878e-09 |      33.7925235 | 
            216 |   1.0691452e-09 |      33.7925235 | 
            217 |  8.80423727e-10 |      33.7925235 | 
            218 |  8.67286333e-10 |      33.7925235 | 
            219 |  7.14188725e-10 |      33.7925235 | 
            220 |  7.03524512e-10 |      33.7925235 | 
            221 |  5.79328962e-10 |      33.7925235 | 
            222 |  5.70672631e-10 |      33.7925235 | 
            223 |  4.69925111e-10 |      33.7925235 | 
            224 |  4.62898845e-10 |      33.7925235 | 
            225 |    3.811741e-10 |      33.7925235 | 
            226 |  3.75471126e-10 |      33.7925235 | 
            227 |  3.09178714e-10 |      33.7925235 | 
            228 |  3.04549955e-10 |      33.7925235 | 
            229 |  2.50776831e-10 |      33.7925235 | 
            230 |  2.47020063e-10 |      33.7925235 | 
            231 |  2.03402834e-10 |      33.7925235 | 
            232 |  2.00353878e-10 |      33.7925235 | 
            233 |  1.64975137e-10 |      33.7925235 | 
            234 |  1.62500708e-10 |      33.7925236 | 
            235 |  1.33804907e-10 |      33.7925236 | 
            236 |  1.31796802e-10 |      33.7925236 | 
            237 |  1.08521994e-10 |      33.7925236 | 
            238 |  1.06892378e-10 |      33.7925236 | 
            239 |  8.80148185e-11 |      33.7925236 | 
            240 |  8.66923898e-11 |      33.7925236 | 
            241 |  7.13815989e-11 |      33.7925236 | 
            242 |   7.0308481e-11 |      33.7925236 | 
            243 |  5.78907677e-11 |      33.7925236 | 
            244 |  5.70199826e-11 |      33.7925236 | 
            245 |  4.69488578e-11 |      33.7925236 | 
            246 |  4.62422748e-11 |      33.7925236 | 
            247 |  3.80744429e-11 |      33.7925236 | 
            248 |  3.75011134e-11 |      33.7925236 | 
            249 |  3.08769933e-11 |      33.7925236 | 
            250 |  3.04117989e-11 |      33.7925236 | 
            251 |  2.50397208e-11 |      33.7925236 | 
            252 |  2.46622756e-11 |      33.7925236 | 
            253 |  2.03056597e-11 |      33.7925236 | 
            254 |   1.9999419e-11 |      33.7925236 | 
            255 |   1.6466374e-11 |      33.7925236 | 
            256 |  1.62179112e-11 |      33.7925236 | 
            257 |  1.33527957e-11 |      33.7925236 | 
            258 |  1.31512145e-11 |      33.7925236 | 
            259 |  1.08277916e-11 |      33.7925236 | 
            260 |  1.06642499e-11 |      33.7925236 | 
            261 |  8.78013382e-12 |      33.7925236 | 
            262 |  8.64745631e-12 |      33.7925236 | 
            263 |  7.11960726e-12 |      33.7925236 | 
            264 |  7.01197152e-12 |      33.7925236 | 
            265 |  5.77304168e-12 |      33.7925236 | 
            266 |  5.68572316e-12 |      33.7925236 | 
            267 |  4.68109219e-12 |      33.7925236 | 
            268 |  4.61025736e-12 |      33.7925236 | 
            269 |  3.79562793e-12 |      33.7925236 | 
            270 |  3.73816625e-12 |      33.7925236 | 
            271 |  3.07761367e-12 |      33.7925236 | 
            272 |  3.03100133e-12 |      33.7925236 | 
            273 |  2.49539146e-12 |      33.7925236 | 
            274 |  2.45758077e-12 |      33.7925236 | 
            275 |   2.0232869e-12 |      33.7925236 | 
            276 |  1.99261647e-12 |      33.7925236 | 
            277 |  1.64047848e-12 |      33.7925236 | 
            278 |  1.61560042e-12 |      33.7925236 | 
            279 |  1.33008065e-12 |      33.7925236 | 
            280 |  1.30990141e-12 |      33.7925236 | 
            281 |  1.07839995e-12 |      33.7925236 | 
            282 |  1.06203235e-12 |      33.7925236 | 
            283 |  8.74331784e-13 |      33.7925236 | 
            284 |  8.61056095e-13 |      33.7925236 | 
            285 |  7.08871112e-13 |      33.7925236 | 
            286 |  6.98103454e-13 |      33.7925236 | 
            287 |  5.74715576e-13 |      33.7925236 | 
            288 |  5.65982292e-13 |      33.7925236 | 
            289 |  4.65943663e-13 |      33.7925236 | 
            290 |  4.58860515e-13 |      33.7925236 | 
            291 |  3.77753655e-13 |      33.7925236 | 
            292 |  3.72008953e-13 |      33.7925236 | 
            293 |  3.06251931e-13 |      33.7925236 | 
            294 |   3.0159284e-13 |      33.7925236 | 
            295 |  2.48281271e-13 |      33.7925236 | 
            296 |  2.44502699e-13 |      33.7925236 | 
            297 |  2.01281619e-13 |      33.7925236 | 
            298 |  1.98217208e-13 |      33.7925236 | 
            299 |   1.6317716e-13 |      33.7925236 | 
            300 |  1.60691973e-13 |      33.7925236 | 
            301 |  1.32284753e-13 |      33.7925236 | 
            302 |  1.30269339e-13 |      33.7925236 | 
            303 |  1.07239662e-13 |      33.7925236 | 
            304 |  1.05605246e-13 |      33.7925236 | 
            305 |  8.69353431e-14 |      33.7925236 | 
            306 |  8.56099211e-14 |      33.7925236 | 
            307 |  7.04746066e-14 |      33.7925236 | 
            308 |  6.93997784e-14 |      33.7925236 | 
            309 |   5.7130018e-14 |      33.7925236 | 
            310 |  5.62584175e-14 |      33.7925236 | 
            311 |  4.63117862e-14 |      33.7925236 | 
            312 |  4.56049979e-14 |      33.7925236 | 
            313 |  3.75417257e-14 |      33.7925236 | 
            314 |  3.69685934e-14 |      33.7925236 | 
            315 |  3.04321417e-14 |      33.7925236 | 
            316 |  2.99673973e-14 |      33.7925236 | 
            317 |  2.46687103e-14 |      33.7925236 | 
            318 |  2.42918614e-14 |      33.7925236 | 
            319 |  1.99965958e-14 |      33.7925236 | 
            320 |  1.96910233e-14 |      33.7925236 | 
            321 |  1.62091948e-14 |      33.7925236 | 
            322 |  1.59614211e-14 |      33.7925236 | 
            323 |  1.31390093e-14 |      33.7925236 | 
            324 |  1.29381044e-14 |      33.7925236 | 
            325 |  1.06502462e-14 |      33.7925236 | 
            326 |  1.04873468e-14 |      33.7925236 | 
            327 |    8.632818e-15 |      33.7925236 | 
            328 |  8.50073614e-15 |      33.7925236 | 
            329 |  6.99747694e-15 |      33.7925236 | 
            330 |  6.89038395e-15 |      33.7925236 | 
            331 |  5.67187133e-15 |      33.7925236 | 
            332 |  5.58504064e-15 |      33.7925236 | 
            333 |  4.59734734e-15 |      33.7925236 | 
            334 |  4.52694614e-15 |      33.7925236 | 
            335 |  3.72635616e-15 |      33.7925236 | 
            336 |  3.66927651e-15 |      33.7925236 | 
            337 |  3.02035196e-15 |      33.7925236 | 
            338 |  2.97407366e-15 |      33.7925236 | 
            339 |  2.44808749e-15 |      33.7925236 | 
            340 |  2.41056705e-15 |      33.7925236 | 
            341 |  1.98423247e-15 |      33.7925236 | 
            342 |  1.95381288e-15 |      33.7925236 | 
            343 |   1.6082533e-15 |      33.7925236 | 
            344 |  1.58359099e-15 |      33.7925236 | 
            345 |  1.30350491e-15 |      33.7925236 | 
            346 |  1.28351048e-15 |      33.7925236 | 
            347 |  1.05649454e-15 |      33.7925236 | 
            348 |  1.04028468e-15 |      33.7925236 | 
            349 |  8.56284827e-16 |      33.7925236 | 
            350 |  8.43143339e-16 |      33.7925236 | 
            351 |  6.94009937e-16 |      33.7925236 | 
            352 |  6.83356128e-16 |      33.7925236 | 
            353 |   5.6248328e-16 |      33.7925236 | 
            354 |  5.53846328e-16 |      33.7925236 | 
            355 |  4.55879511e-16 |      33.7925236 | 
            356 |  4.48877685e-16 |      33.7925236 | 
            357 |  3.69476735e-16 |      33.7925236 | 
            358 |  3.63800538e-16 |      33.7925236 | 
            359 |  2.99447523e-16 |      33.7925236 | 
            360 |  2.94846028e-16 |      33.7925236 | 
            361 |  2.42689505e-16 |      33.7925236 | 
            362 |  2.38959273e-16 |      33.7925236 | 
            363 |  1.96688038e-16 |      33.7925236 | 
            364 |  1.93664131e-16 |      33.7925236 | 
            365 |  1.59404881e-16 |      33.7925236 | 
            366 |  1.56953582e-16 |      33.7925236 | 
            367 |  1.29187958e-16 |      33.7925236 | 
            368 |  1.27200857e-16 |      33.7925236 | 
            369 |  1.04698206e-16 |      33.7925236 | 
            370 |  1.03087416e-16 |      33.7925236 | 
            371 |  8.48502776e-17 |      33.7925236 | 
            372 |  8.35445461e-17 |      33.7925236 | 
            373 |  6.87644781e-17 |      33.7925236 | 
            374 |  6.77060423e-17 |      33.7925236 | 
            375 |  5.57278034e-17 |      33.7925236 | 
            376 |  5.48698356e-17 |      33.7925236 | 
            377 |  4.51623593e-17 |      33.7925236 | 
            378 |  4.44668975e-17 |      33.7925236 | 
            379 |   3.6599763e-17 |      33.7925236 | 
            380 |  3.60360325e-17 |      33.7925236 | 
            381 |  2.96603937e-17 |      33.7925236 | 
            382 |  2.92034468e-17 |      33.7925236 | 
            383 |  2.40365741e-17 |      33.7925236 | 
            384 |   2.3666187e-17 |      33.7925236 | 
            385 |   1.9478938e-17 |      33.7925236 | 
            386 |  1.91787163e-17 |      33.7925236 | 
            387 |  1.57853808e-17 |      33.7925236 | 
            388 |  1.55420347e-17 |      33.7925236 | 
            389 |  1.27921033e-17 |      33.7925236 | 
            390 |  1.25948598e-17 |      33.7925236 | 
            391 |   1.0366353e-17 |      33.7925236 | 
            392 |  1.02064792e-17 |      33.7925236 | 
            393 |  8.40053994e-18 |      33.7925236 | 
            394 |  8.27095684e-18 |      33.7925236 | 
            395 |  6.80746794e-18 |      33.7925236 | 
            396 |  6.70243741e-18 |      33.7925236 | 
            397 |  5.51646966e-18 |      33.7925236 | 
            398 |  5.43134037e-18 |      33.7925236 | 
            399 |  4.47027372e-18 |      33.7925236 | 
            400 |  4.40127535e-18 |      33.7925236 | 
            401 |  3.62246569e-18 |      33.7925236 | 
            402 |   3.5665421e-18 |      33.7925236 | 
            403 |  2.93543016e-18 |      33.7925236 | 
            404 |  2.89010413e-18 |      33.7925236 | 
            405 |  2.37868295e-18 |      33.7925236 | 
            406 |  2.34194653e-18 |      33.7925236 | 
            407 |  1.92751926e-18 |      33.7925236 | 
            408 |   1.8977449e-18 |      33.7925236 | 
            409 |  1.56191819e-18 |      33.7925236 | 
            410 |  1.53778666e-18 |      33.7925236 | 
            411 |  1.26565473e-18 |      33.7925236 | 
            412 |  1.24609678e-18 |      33.7925236 | 
            413 |  1.02558026e-18 |      33.7925236 | 
            414 |  1.00972917e-18 |      33.7925236 | 
            415 |  8.31039216e-19 |      33.7925236 | 
            416 |  8.18192531e-19 |      33.7925236 | 
            417 |  6.73396525e-19 |      33.7925236 | 
            418 |  6.62984866e-19 |      33.7925236 | 
            419 |   5.4565449e-19 |      33.7925236 | 
            420 |  5.37216375e-19 |      33.7925236 | 
            421 |  4.42142366e-19 |      33.7925236 | 
            422 |  4.35303756e-19 |      33.7925236 | 
            423 |  3.58264754e-19 |      33.7925236 | 
            424 |  3.52722494e-19 |      33.7925236 | 
            425 |  2.90297717e-19 |      33.7925236 | 
            426 |  2.85806098e-19 |      33.7925236 | 
            427 |  2.35223527e-19 |      33.7925236 | 
            428 |  2.31583407e-19 |      33.7925236 | 
            429 |  1.90596763e-19 |      33.7925236 | 
            430 |  1.87646739e-19 |      33.7925236 | 
            431 |  1.54435782e-19 |      33.7925236 | 
            432 |  1.52045043e-19 |      33.7925236 | 
            433 |  1.25134774e-19 |      33.7925236 | 
            434 |    1.231973e-19 |      33.7925236 | 
            435 |  1.01392489e-19 |      33.7925236 | 
            436 |  9.98223552e-20 |      33.7925236 | 
            437 |  8.21544828e-20 |      33.7925236 | 
            438 |  8.08820517e-20 |      33.7925236 | 
            439 |  6.65663097e-20 |      33.7925236 | 
            440 |  6.55351426e-20 |      33.7925236 | 
            441 |  5.39355921e-20 |      33.7925236 | 
            442 |  5.30999488e-20 |      33.7925236 | 
            443 |  4.37012836e-20 |      33.7925236 | 
            444 |  4.30240945e-20 |      33.7925236 | 
            445 |  3.54087609e-20 |      33.7925236 | 
            446 |  3.48599837e-20 |      33.7925236 | 
            447 |  2.86896387e-20 |      33.7925236 | 
            448 |  2.82449261e-20 |      33.7925236 | 
            449 |  2.32454127e-20 |      33.7925236 | 
            450 |  2.28850333e-20 |      33.7925236 | 
            451 |  1.88342051e-20 |      33.7925236 | 
            452 |  1.85421682e-20 |      33.7925236 | 
            453 |  1.52600235e-20 |      33.7925236 | 
            454 |  1.50233701e-20 |      33.7925236 | 
            455 |   1.2364057e-20 |      33.7925236 | 
            456 |   1.2172285e-20 |      33.7925236 | 
            457 |  1.00176234e-20 |      33.7925236 | 
            458 |  9.86222208e-21 |      33.7925236 | 
            459 |    8.116454e-21 |      33.7925236 | 
            460 |  7.99052617e-21 |      33.7925236 | 
            461 |  6.57606212e-21 |      33.7925236 | 
            462 |  6.47401845e-21 |      33.7925236 | 
            463 |  5.32799053e-21 |      33.7925236 | 
            464 |  5.24530151e-21 |      33.7925236 | 
            465 |  4.31677051e-21 |      33.7925236 | 
            466 |  4.24976555e-21 |      33.7925236 | 
            467 |  3.49745774e-21 |      33.7925236 | 
            468 |  3.44316227e-21 |      33.7925236 | 
            469 |  2.83363563e-21 |      33.7925236 | 
            470 |  2.78963918e-21 |      33.7925236 | 
            471 |  2.29579743e-21 |      33.7925236 | 
            472 |  2.26014663e-21 |      33.7925236 | 
            473 |  1.86003524e-21 |      33.7925236 | 
            474 |  1.83114718e-21 |      33.7925236 | 
            475 |  1.50697777e-21 |      33.7925236 | 
            476 |  1.48356973e-21 |      33.7925236 | 
            477 |  1.22092953e-21 |      33.7925236 | 
            478 |  1.20196207e-21 |      33.7925236 | 
            479 |  9.89173441e-22 |      33.7925236 | 
            480 |  9.73804251e-22 |      33.7925236 | 
            481 |  8.01405666e-22 |      33.7925236 | 
            482 |  7.88952197e-22 |      33.7925236 | 
            483 |  6.49277717e-22 |      33.7925236 | 
            484 |  6.39186876e-22 |      33.7925236 | 
            485 |   5.2602542e-22 |      33.7925236 | 
            486 |  5.17849022e-22 |      33.7925236 | 
            487 |  4.26168282e-22 |      33.7925236 | 
            488 |  4.19543152e-22 |      33.7925236 | 
            489 |  3.45265901e-22 |      33.7925236 | 
            490 |  3.39897755e-22 |      33.7925236 | 
            491 |  2.79720595e-22 |      33.7925236 | 
            492 |  2.75370967e-22 |      33.7925236 | 
            493 |  2.26617478e-22 |      33.7925236 | 
            494 |  2.23093139e-22 |      33.7925236 | 
            495 |  1.83594885e-22 |      33.7925236 | 
            496 |  1.80739262e-22 |      33.7925236 | 
            497 |  1.48739387e-22 |      33.7925236 | 
            498 |  1.46425608e-22 |      33.7925236 | 
            499 |   1.2050072e-22 |      33.7925236 | 
            500 |  1.18625981e-22 |      33.7925236 | 
            501 |  9.76228666e-23 |      33.7925236 | 
            502 |  9.61038683e-23 |      33.7925236 | 
            503 |  7.90882099e-23 |      33.7925236 | 
            504 |  7.78574545e-23 |      33.7925236 | 
            505 |  6.40722866e-23 |      33.7925236 | 
            506 |  6.30750825e-23 |      33.7925236 | 
            507 |  5.19071282e-23 |      33.7925236 | 
            508 |  5.10991602e-23 |      33.7925236 | 
            509 |  4.20515585e-23 |      33.7925236 | 
            510 |  4.13969189e-23 |      33.7925236 | 
            511 |  3.40671277e-23 |      33.7925236 | 
            512 |  3.35367219e-23 |      33.7925236 | 
            513 |  2.75986146e-23 |      33.7925236 | 
            514 |  2.71688683e-23 |      33.7925236 | 
            515 |  2.23582289e-23 |      33.7925236 | 
            516 |  2.20100408e-23 |      33.7925236 | 
            517 |  1.81128121e-23 |      33.7925236 | 
            518 |  1.78307052e-23 |      33.7925236 | 
            519 |  1.46734672e-23 |      33.7925236 | 
            520 |  1.44449012e-23 |      33.7925236 | 
            521 |  1.18871571e-23 |      33.7925236 | 
            522 |  1.17019714e-23 |      33.7925236 | 
            523 |  9.62989741e-24 |      33.7925236 | 
            524 |  9.47985946e-24 |      33.7925236 | 
            525 |  7.80124174e-24 |      33.7925236 | 
            526 |  7.67968111e-24 |      33.7925236 | 
            527 |  6.31981317e-24 |      33.7925236 | 
            528 |  6.22132529e-24 |      33.7925236 | 
            529 |  5.11968433e-24 |      33.7925236 | 
            530 |  5.03989024e-24 |      33.7925236 | 
            531 |  4.14744447e-24 |      33.7925236 | 
            532 |  4.08279622e-24 |      33.7925236 | 
            533 |  3.35982332e-24 |      33.7925236 | 
            534 |  3.30744629e-24 |      33.7925236 | 
            535 |  2.72176594e-24 |      33.7925236 | 
            536 |  2.67933105e-24 |      33.7925236 | 
            537 |  2.20487308e-24 |      33.7925236 | 
            538 |  2.17049328e-24 |      33.7925236 | 
            539 |  1.78613761e-24 |      33.7925236 | 
            540 |  1.75828397e-24 |      33.7925236 | 
            541 |  1.44692074e-24 |      33.7925236 | 
            542 |  1.42435454e-24 |      33.7925236 | 
            543 |  1.17212273e-24 |      33.7925236 | 
            544 |  1.15384033e-24 |      33.7925236 | 
            545 |  9.49510929e-25 |      33.7925236 | 
            546 |  9.34699182e-25 |      33.7925236 | 
            547 |  7.69175402e-25 |      33.7925236 | 
            548 |  7.57175507e-25 |      33.7925236 | 
            549 |  6.23087959e-25 |      33.7925236 | 
            550 |  6.13366155e-25 |      33.7925236 | 
            551 |  5.04744846e-25 |      33.7925236 | 
            552 |  4.96868687e-25 |      33.7925236 | 
            553 |    4.088773e-25 |      33.7925236 | 
            554 |  4.02496423e-25 |      33.7925236 | 
            555 |  3.31217055e-25 |      33.7925236 | 
            556 |  3.26047603e-25 |      33.7925236 | 
            557 |  2.68306364e-25 |      33.7925236 | 
            558 |  2.64118362e-25 |      33.7925236 | 
            559 |  2.17344103e-25 |      33.7925236 | 
            560 |   2.1395123e-25 |      33.7925236 | 
            561 |   1.7606108e-25 |      33.7925236 | 
            562 |  1.73312385e-25 |      33.7925236 | 
            563 |  1.42619033e-25 |      33.7925236 | 
            564 |  1.40392219e-25 |      33.7925236 | 
            565 |  1.15528795e-25 |      33.7925236 | 
            566 |  1.13724783e-25 |      33.7925236 | 
            567 |  9.35840087e-26 |      33.7925236 | 
            568 |  9.21225268e-26 |      33.7925236 | 
            569 |  7.58074165e-26 |      33.7925236 | 
            570 |  7.46234328e-26 |      33.7925236 | 
            571 |  6.14073577e-26 |      33.7925236 | 
            572 |  6.04481859e-26 |      33.7925236 | 
            573 |  4.97425214e-26 |      33.7925236 | 
            574 |  4.89654777e-26 |      33.7925236 | 
            575 |   4.0293395e-26 |      33.7925236 | 
            576 |  3.96638991e-26 |      33.7925236 | 
            577 |  3.26391331e-26 |      33.7925236 | 
            578 |  3.21291701e-26 |      33.7925236 | 
            579 |  2.64388201e-26 |      33.7925236 | 
            580 |  2.60256937e-26 |      33.7925236 | 
            581 |  2.14162896e-26 |      33.7925236 | 
            582 |  2.10816128e-26 |      33.7925236 | 
            583 |   1.7347828e-26 |      33.7925236 | 
            584 |  1.70767048e-26 |      33.7925236 | 
            585 |  1.40522125e-26 |      33.7925236 | 
            586 |  1.38325752e-26 |      33.7925236 | 
            587 |  1.13826412e-26 |      33.7925236 | 
            588 |  1.12047132e-26 |      33.7925236 | 
            589 |   9.2201954e-27 |      33.7925236 | 
            590 |  9.07605667e-27 |      33.7925236 | 
            591 |  7.46854419e-27 |      33.7925236 | 
            592 |  7.35177839e-27 |      33.7925236 | 
            593 |   6.0496541e-27 |      33.7925236 | 
            594 |  5.95506326e-27 |      33.7925236 | 
            595 |   4.9003139e-27 |      33.7925236 | 
            596 |  4.82368704e-27 |      33.7925236 | 
            597 |  3.96931928e-27 |      33.7925236 | 
            598 |  3.90724503e-27 |      33.7925236 | 
            599 |  3.21519228e-27 |      33.7925236 | 
            600 |  3.16490705e-27 |      33.7925236 | 
            601 |  2.60433388e-27 |      33.7925236 | 
            602 |  2.56359885e-27 |      33.7925236 | 
            603 |   2.1095274e-27 |      33.7925236 | 
            604 |   2.0765289e-27 |      33.7925236 | 
            605 |  1.70872624e-27 |      33.7925236 | 
            606 |  1.68199502e-27 |      33.7925236 | 
            607 |  1.38407181e-27 |      33.7925236 | 
            608 |  1.36241762e-27 |      33.7925236 | 
            609 |    1.121098e-27 |      33.7925236 | 
            610 |  1.10355663e-27 |      33.7925236 | 
            611 |  9.08086813e-28 |      33.7925236 | 
            612 |  8.93877141e-28 |      33.7925236 | 
            613 |   7.3554627e-28 |      33.7925236 | 
            614 |  7.24035537e-28 |      33.7925236 | 
            615 |  5.95787618e-28 |      33.7925236 | 
            616 |  5.86463225e-28 |      33.7925236 | 
            617 |   4.8258276e-28 |      33.7925236 | 
            618 |  4.75029459e-28 |      33.7925236 | 
            619 |   3.9088679e-28 |      33.7925236 | 
            620 |  3.84768197e-28 |      33.7925236 | 
            621 |  3.16613227e-28 |      33.7925236 | 
            622 |  3.11656842e-28 |      33.7925236 | 
            623 |  2.56451941e-28 |      33.7925236 | 
            624 |  2.52437019e-28 |      33.7925236 | 
            625 |  2.07721673e-28 |      33.7925236 | 
            626 |  2.04469393e-28 |      33.7925236 | 
            627 |  1.68250561e-28 |      33.7925236 | 
            628 |  1.65616067e-28 |      33.7925236 | 
            629 |  1.36279374e-28 |      33.7925236 | 
            630 |   1.3414532e-28 |      33.7925236 | 
            631 |  1.10383114e-28 |      33.7925236 | 
            632 |  1.08654444e-28 |      33.7925236 | 
            633 |  8.94075237e-29 |      33.7925236 | 
            634 |  8.80072349e-29 |      33.7925236 | 
            635 |  7.24176469e-29 |      33.7925236 | 
            636 |   7.1283363e-29 |      33.7925236 | 
            637 |  5.86561667e-29 |      33.7925236 | 
            638 |  5.77373588e-29 |      33.7925236 | 
            639 |   4.7509655e-29 |      33.7925236 | 
            640 |  4.67653923e-29 |      33.7925236 | 
            641 |  3.84812362e-29 |      33.7925236 | 
            642 |  3.78783622e-29 |      33.7925236 | 
            643 |  3.11684424e-29 |      33.7925236 | 
            644 |  3.06800986e-29 |      33.7925236 | 
            645 |  2.52452767e-29 |      33.7925236 | 
            646 |  2.48497066e-29 |      33.7925236 | 
            647 |  2.04476842e-29 |      33.7925236 | 
            648 |  2.01272638e-29 |      33.7925236 | 
            649 |  1.65617829e-29 |      33.7925236 | 
            650 |  1.63022363e-29 |      33.7925236 | 
            651 |  1.34143309e-29 |      33.7925236 | 
            652 |  1.32040938e-29 |      33.7925236 | 
            653 |  1.08650048e-29 |      33.7925236 | 
            654 |  1.06947096e-29 |      33.7925236 | 
            655 |  8.80014469e-30 |      33.7925236 | 
            656 |   8.6622035e-30 |      33.7925236 | 
            657 |  7.12768819e-30 |      33.7925236 | 
            658 |  7.01595443e-30 |      33.7925236 | 
            659 |  5.77306662e-30 |      33.7925236 | 
            660 |  5.68256138e-30 |      33.7925236 | 
            661 |  4.67588097e-30 |      33.7925236 | 
            662 |  4.60257121e-30 |      33.7925236 | 
            663 |  3.78720952e-30 |      33.7925236 | 
            664 |  3.72782837e-30 |      33.7925236 | 
            665 |  3.06742698e-30 |      33.7925236 | 
            666 |  3.01932816e-30 |      33.7925236 | 
            667 |  2.48443794e-30 |      33.7925236 | 
            668 |  2.44547794e-30 |      33.7925236 | 
            669 |  2.01224612e-30 |      33.7925236 | 
            670 |  1.98068864e-30 |      33.7925236 | 
            671 |  1.62979535e-30 |      33.7925236 | 
            672 |  1.60423396e-30 |      33.7925236 | 
            673 |  1.32003088e-30 |      33.7925236 | 
            674 |  1.29932634e-30 |      33.7925236 | 
            675 |  1.06913894e-30 |      33.7925236 | 
            676 |  1.05236846e-30 |      33.7925236 | 
