Здравствуйте, данную лабораторную работу выполнил Ахметзянов Дамир Альбертович, группа 1309
Версия: 6.0
Начало: 06.12.2021
Конец: -
Задание: 1зi2А
Строка 16 пропущена так как пуста 
Строка 17 пропущена так как отсутствует у координата 
В файле найдено 18 точек 
1 | 0.00000  | 0.00000 
2 | 0.00000  | 4.00000 
3 | 5.00000  | 4.00000 
4 | 2.00000  | 8.00000 
5 | 3.00000  | 7.00000 
6 | 4.00000  | 8.00000 
7 | 1.00000  | 5.00000 
8 | 5.00000  | 5.00000 
9 | 2.00000  | 0.00000 
10 | 4.00000  | 0.00000 
11 | 5.00000  | 0.00000 
12 | 3.00000  | 3.00000 
13 | 8.00000  | 8.00000 
14 | 8.00000  | 0.00000 
15 | 1.00000  | 5.50000 
16 | 3.00000  | 7.50000 
17 | 3.00000  | 3.50000 
18 | 5.00000  | 5.50000 
В файле найдено 7 прямоугольников 
1 | 0.00000  4.00000  | 5.00000  4.00000  | 5.00000  0.00000  | 0.00000  0.00000  | 
2 | 2.00000  8.00000  | 4.00000  8.00000  | 4.00000  0.00000  | 2.00000  0.00000  | 
3 | 2.00000  8.00000  | 8.00000  8.00000  | 8.00000  0.00000  | 2.00000  0.00000  | 
4 | 3.00000  7.00000  | 5.00000  5.00000  | 3.00000  3.00000  | 1.00000  5.00000  | 
5 | 4.00000  8.00000  | 8.00000  8.00000  | 8.00000  0.00000  | 4.00000  0.00000  | 
6 | 1.00000  5.50000  | 5.00000  5.50000  | 5.00000  5.00000  | 1.00000  5.00000  | 
7 | 3.00000  7.50000  | 5.00000  5.50000  | 3.00000  3.50000  | 1.00000  5.50000  | 
Прямоугольники с наибольшей площадью пересечения: 
1. 0.00000  4.00000  | 5.00000  4.00000  | 5.00000  0.00000  | 0.00000  0.00000  | 
   2.00000  8.00000  | 8.00000  8.00000  | 8.00000  0.00000  | 2.00000  0.00000  | 
 Общая площадь: 12.00000 
2. 3.00000  7.00000  | 5.00000  5.00000  | 3.00000  3.00000  | 1.00000  5.00000  | 
   3.00000  7.50000  | 5.00000  5.50000  | 3.00000  3.50000  | 1.00000  5.50000  | 
 Общая площадь: 6.12500 
