В файле найдено 20 точек 
1 | 10.00000  | 0.00000 
2 | 0.00000  | 0.00000 
3 | 0.00000  | 50.00000 
4 | 50.00000  | 0.00000 
5 | 25.00000  | 0.00000 
6 | 25.00000  | 40.00000 
7 | 0.00000  | 10.00000 
8 | 50.00000  | 10.00000 
9 | 10.00000  | 50.00000 
10 | 50.00000  | 50.00000 
11 | -10.00000  | 0.00000 
12 | 0.00000  | 0.00000 
13 | 0.00000  | -50.00000 
14 | -50.00000  | 0.00000 
15 | -25.00000  | 0.00000 
16 | -25.00000  | -40.00000 
17 | 0.00000  | -10.00000 
18 | -50.00000  | -10.00000 
19 | -10.00000  | -50.00000 
20 | -50.00000  | -50.00000 
В файле найдено 19 прямоугольников 
1 | 0.00000  50.00000  (2) | 10.00000  50.00000  (8) | 10.00000  0.00000  (0) | 0.00000  0.00000  (1) | 
2 | 10.00000  50.00000  (8) | 50.00000  50.00000  (9) | 50.00000  0.00000  (3) | 10.00000  0.00000  (0) | 
3 | 0.00000  10.00000  (6) | 10.00000  0.00000  (0) | 0.00000  -10.00000  (16) | -10.00000  0.00000  (10) | 
4 | 0.00000  50.00000  (2) | 10.00000  50.00000  (8) | 10.00000  0.00000  (0) | 0.00000  0.00000  (11) | 
5 | 0.00000  50.00000  (2) | 50.00000  50.00000  (9) | 50.00000  0.00000  (3) | 0.00000  0.00000  (1) | 
6 | 0.00000  10.00000  (6) | 50.00000  10.00000  (7) | 50.00000  0.00000  (3) | 0.00000  0.00000  (1) | 
7 | -10.00000  0.00000  (10) | 0.00000  0.00000  (1) | 0.00000  -50.00000  (12) | -10.00000  -50.00000  (18) | 
8 | -50.00000  0.00000  (13) | 0.00000  0.00000  (1) | 0.00000  -50.00000  (12) | -50.00000  -50.00000  (19) | 
9 | -50.00000  0.00000  (13) | 0.00000  0.00000  (1) | 0.00000  -10.00000  (16) | -50.00000  -10.00000  (17) | 
10 | 0.00000  50.00000  (2) | 50.00000  0.00000  (3) | 0.00000  -50.00000  (12) | -50.00000  0.00000  (13) | 
11 | 0.00000  50.00000  (2) | 50.00000  50.00000  (9) | 50.00000  10.00000  (7) | 0.00000  10.00000  (6) | 
12 | 0.00000  50.00000  (2) | 50.00000  50.00000  (9) | 50.00000  0.00000  (3) | 0.00000  0.00000  (11) | 
13 | 0.00000  10.00000  (6) | 50.00000  10.00000  (7) | 50.00000  0.00000  (3) | 0.00000  0.00000  (11) | 
14 | 10.00000  50.00000  (8) | 50.00000  10.00000  (7) | -10.00000  -50.00000  (18) | -50.00000  -10.00000  (17) | 
15 | -10.00000  0.00000  (10) | 0.00000  0.00000  (11) | 0.00000  -50.00000  (12) | -10.00000  -50.00000  (18) | 
16 | -50.00000  0.00000  (13) | -10.00000  0.00000  (10) | -10.00000  -50.00000  (18) | -50.00000  -50.00000  (19) | 
17 | -50.00000  0.00000  (13) | 0.00000  0.00000  (11) | 0.00000  -50.00000  (12) | -50.00000  -50.00000  (19) | 
18 | -50.00000  0.00000  (13) | 0.00000  0.00000  (11) | 0.00000  -10.00000  (16) | -50.00000  -10.00000  (17) | 
19 | -50.00000  -10.00000  (17) | 0.00000  -10.00000  (16) | 0.00000  -50.00000  (12) | -50.00000  -50.00000  (19) | 
Прямоугольник 3 образует домик с точкой 10
Прямоугольник 3 образует домик с точкой 20
Прямоугольник 6 образует домик с точкой 6
Прямоугольник 9 образует домик с точкой 16
Прямоугольник 10 образует домик с точкой 10
Прямоугольник 10 образует домик с точкой 20
Прямоугольник 11 образует домик с точкой 5
Прямоугольник 13 образует домик с точкой 6
Прямоугольник 14 образует домик с точкой 10
Прямоугольник 14 образует домик с точкой 20
Прямоугольник 18 образует домик с точкой 16
Прямоугольник 19 образует домик с точкой 15
В файле найдено 12 домиков 
1 | 0.00000  10.00000  (6) | 50.00000  50.00000  (9) | 10.00000  0.00000  (0) | 0.00000  -10.00000  (16) | -10.00000  0.00000  (10) | 
2 | 0.00000  10.00000  (6) | 10.00000  0.00000  (0) | 0.00000  -10.00000  (16) | -50.00000  -50.00000  (19) | -10.00000  0.00000  (10) | 
3 | 0.00000  10.00000  (6) | 25.00000  40.00000  (5) | 50.00000  10.00000  (7) | 50.00000  0.00000  (3) | 0.00000  0.00000  (1) | 
4 | -50.00000  0.00000  (13) | 0.00000  0.00000  (1) | 0.00000  -10.00000  (16) | -25.00000  -40.00000  (15) | -50.00000  -10.00000  (17) | 
5 | 0.00000  50.00000  (2) | 50.00000  50.00000  (9) | 50.00000  0.00000  (3) | 0.00000  -50.00000  (12) | -50.00000  0.00000  (13) | 
6 | 0.00000  50.00000  (2) | 50.00000  0.00000  (3) | 0.00000  -50.00000  (12) | -50.00000  -50.00000  (19) | -50.00000  0.00000  (13) | 
7 | 0.00000  50.00000  (2) | 50.00000  50.00000  (9) | 50.00000  10.00000  (7) | 25.00000  0.00000  (4) | 0.00000  10.00000  (6) | 
8 | 0.00000  10.00000  (6) | 25.00000  40.00000  (5) | 50.00000  10.00000  (7) | 50.00000  0.00000  (3) | 0.00000  0.00000  (11) | 
9 | 10.00000  50.00000  (8) | 50.00000  50.00000  (9) | 50.00000  10.00000  (7) | -10.00000  -50.00000  (18) | -50.00000  -10.00000  (17) | 
10 | 10.00000  50.00000  (8) | 50.00000  10.00000  (7) | -10.00000  -50.00000  (18) | -50.00000  -50.00000  (19) | -50.00000  -10.00000  (17) | 
11 | -50.00000  0.00000  (13) | 0.00000  0.00000  (11) | 0.00000  -10.00000  (16) | -25.00000  -40.00000  (15) | -50.00000  -10.00000  (17) | 
12 | -50.00000  -10.00000  (17) | -25.00000  0.00000  (14) | 0.00000  -10.00000  (16) | 0.00000  -50.00000  (12) | -50.00000  -50.00000  (19) | 
В пятиугольнике 1 - 2 точек: 
1: 0.00000  | 0.00000 
2: 0.00000  | 50.00000 
В пятиугольнике 2 - 2 точек: 
1: 0.00000  | 0.00000 
2: 0.00000  | 50.00000 
В пятиугольнике 3 - 3 точек: 
1: 0.00000  | 0.00000 
2: 0.00000  | 50.00000 
3: 50.00000  | 0.00000 
В пятиугольнике 4 - 6 точек: 
1: 0.00000  | 0.00000 
2: 0.00000  | 50.00000 
3: 50.00000  | 0.00000 
4: 25.00000  | 0.00000 
5: 25.00000  | 40.00000 
6: 0.00000  | 10.00000 
В пятиугольнике 5 - 11 точек: 
1: 0.00000  | 0.00000 
2: 0.00000  | 50.00000 
3: 50.00000  | 0.00000 
4: 25.00000  | 0.00000 
5: 25.00000  | 40.00000 
6: 0.00000  | 10.00000 
7: 50.00000  | 10.00000 
8: 10.00000  | 50.00000 
9: 50.00000  | 50.00000 
10: -10.00000  | 0.00000 
11: 0.00000  | 0.00000 
В пятиугольнике 6 - 11 точек: 
1: 0.00000  | 0.00000 
2: 0.00000  | 50.00000 
3: 50.00000  | 0.00000 
4: 25.00000  | 0.00000 
5: 25.00000  | 40.00000 
6: 0.00000  | 10.00000 
7: 50.00000  | 10.00000 
8: 10.00000  | 50.00000 
9: 50.00000  | 50.00000 
10: -10.00000  | 0.00000 
11: 0.00000  | 0.00000 
В пятиугольнике 7 - 3 точек: 
1: 0.00000  | 0.00000 
2: 0.00000  | 50.00000 
3: 50.00000  | 0.00000 
В пятиугольнике 8 - 3 точек: 
1: 0.00000  | 0.00000 
2: 0.00000  | 50.00000 
3: 50.00000  | 0.00000 
В пятиугольнике 9 - 9 точек: 
1: 0.00000  | 0.00000 
2: 0.00000  | 50.00000 
3: 50.00000  | 0.00000 
4: 25.00000  | 0.00000 
5: 25.00000  | 40.00000 
6: 0.00000  | 10.00000 
7: 50.00000  | 10.00000 
8: 10.00000  | 50.00000 
9: 50.00000  | 50.00000 
В пятиугольнике 10 - 10 точек: 
1: 0.00000  | 0.00000 
2: 0.00000  | 50.00000 
3: 50.00000  | 0.00000 
4: 25.00000  | 0.00000 
5: 25.00000  | 40.00000 
6: 0.00000  | 10.00000 
7: 50.00000  | 10.00000 
8: 10.00000  | 50.00000 
9: 50.00000  | 50.00000 
10: -10.00000  | 0.00000 
В пятиугольнике 11 - 6 точек: 
1: 0.00000  | 0.00000 
2: 0.00000  | 50.00000 
3: 50.00000  | 0.00000 
4: 25.00000  | 0.00000 
5: 25.00000  | 40.00000 
6: 0.00000  | 10.00000 
В пятиугольнике 12 - 4 точек: 
1: 0.00000  | 0.00000 
2: 0.00000  | 50.00000 
3: 50.00000  | 0.00000 
4: 25.00000  | 0.00000 
